X, N
0 0
5 47.2368
10 122.852
15 214.651
20 319.676
25 433.069
30 543.457
35 647.358
40 745.05
45 837.492
50 923.856
55 1005.84
60 1081.77
65 1154.38
70 1220.95
75 1285.05
80 1343.24
85 1399.74
90 1450.09
95 1499.67
100 1543.37
105 1586.68
110 1623.82
115 1661.19
120 1692.67
125 1724.69
130 1751.03
135 1778.33
140 1799.86
145 1822.71
150 1840.08
155 1859.17
160 1872.5
165 1887.95
170 1897.92
175 1910.22
180 1916.96
185 1926.23
190 1930.17
195 1936.67
200 1938.1
205 1942.25
210 1941.23
215 1943.02
220 1939.92
225 1939.8
230 1934.6
235 1932.52
240 1925.65
245 1921.89
250 1913.25
255 1907.8
260 1897.75
265 1890.76
270 1879.25
275 1870.85
280 1858.06
285 1848.25
290 1834.15
295 1823.12
300 1807.77
305 1795.43
310 1778.97
315 1765.36
320 1747.65
325 1732.74
330 1713.83
335 1697.46
340 1677.11
345 1658.99
350 1636.78
355 1616.76
360 1593.03
365 1571.63
370 1546.77
375 1524.31
380 1498.74
385 1475.55
390 1449.51
395 1425.85
400 1399.65
405 1375.74
410 1349.57
415 1325.65
420 1299.68
425 1275.87
430 1250.25
435 1226.73
440 1201.56
445 1178.43
450 1153.86
455 1131.2
460 1107.26
465 1085.14
470 1061.94
475 1040.41
480 1017.97
485 997.112
490 975.47
495 955.279
500 934.459
505 914.992
510 894.993
515 876.248
520 857.107
525 839.091
530 820.78
535 803.495
540 786.033
545 769.465
550 752.829
555 736.992
560 721.169
565 706.031
570 691.003
575 676.57
580 662.309
585 648.553
590 635.054
595 621.959
600 609.182
605 596.727
610 584.664
615 572.82
620 561.438
625 550.199
630 539.472
635 528.802
640 518.704
645 508.594
650 499.094
655 489.515
660 480.598
665 471.528
670 463.158
675 454.575
680 446.737
685 438.614
690 431.279
695 423.604
700 416.748
705 409.566
710 403.248
715 396.491
720 390.623
725 384.262
730 378.804
735 372.793
740 367.711
745 362.032
750 357.307
755 351.944
760 347.559
765 342.497
770 338.434
775 333.658
780 329.902
785 325.397
790 321.931
795 317.683
800 314.492
805 310.489
810 307.558
815 303.787
820 301.102
825 297.549
830 295.098
835 291.752
840 289.52
845 286.371
850 284.347
855 281.382
860 279.554
865 276.764
870 275.12
875 272.496
880 271.026
885 268.557
890 267.251
895 264.929
900 263.777
905 261.593
910 260.586
915 258.533
920 257.663
925 255.731
930 254.989
935 253.174
940 252.552
945 250.845
950 250.337
955 248.732
960 248.33
965 246.82
970 246.518
975 245.099
980 244.889
985 243.555
990 243.433
995 242.178
1000 242.138
